1092651155
1092622403
1092756131
1092145699
1092781955
1091812787
1090663731
1090693267
1092221267
1090983107
1091233059
1090922403
1092509955
1090582515
1092272963
1091130867
1092509971
1090672403
1090876771
1092621875
1091945331
1092091011
1090671379
1091160547
1092459907
1091665091
1091892051
1091060979
1092221763
1092359107
1092622931
1091080531
1091699939
1091890211
1092252307
1092621571
1092739555
1092482163
1090636051
1091832931
1092557955
1090730435
1092358419
1091778211
1092090499
1090730947
1090582707
1091891091
1092668723
1090834579
1091109747
1090756531
1092621907
1090767891
1090810387
1092781251
1092575891
1090582387
1092112035
1091233523
1090613459
1092696947
1091161059
1092622595
1092358915
1092509619
1090671875
1092272131
1092459571
1092668899
1090597363
1092379651
1090893347
1092668195
1092326067
1091813843
1091316451
1092431059
1092621891
1091314947
1092360499
1090672883
1092273635
1092780739
1092378659
1091131347
1091109715
1092001203
1092409683
1092253667
1091182275
1092408483
1090663715
1092667219
1092057011
1092739043
1092529571
1092604643
1091480195
1092696243
1092605651
1090892851
1091871075
1090662723
1090593779
1092667187
1090662707
1091979139
1092460099
1092036291
1091314915
1091556067
1090693811
1092113571
1090692307
1090611875
1092001011
1092713331
1091232147
1091011603
2852153783
1506008759
1506497863
2852153831
2852089559
1505842887