2475171905
1125654593
2736923201
600971329
2206671425
3015512897
859112001
2477261377
1408833857
3272869697
602212929
2737243713
56696385
4093050945
1136859713
4082436417
325131841
324469313
1668613441
857088065
1942164801
2214336321
324207169
3821603137
2208111937
3279688001
1408439361
4081322049
1140529473
3272809537
1394221121
1402013761
3808694849
602674241
2473728577
51716161
3823182145
1945378113
331940161
1661736001
2199658305
3275293505
319888449
2738230081
2214205249
3275424577
3019374657
2481919041
869081153
2479883329
1929578817
3013542721
1393958977
332137281
326239297
3280216641
2472681281
1945567297
2739804225
4091939393
3547332929
1933254977
3821734209
51978305
51584065
3009355329
55902785
62921281
865869121
3821871169
4080075073
56892481
599131457
600514625
3012696897
3552645953
3811183681
3542883649
1125523521
52759617
857283649
4082631233
3821345345
3280085569
593501249
3545696577
1392707905
3013416513
1406737473
3816233537
3273525825
2748587073
590676545
1405558849
3010926401
3823051073
2746031681
3822198593
2208960065
3006800193
3554025281
867435841
1671500865
1127285313
4079157569
868687937
858849857
2202474049
1134435649
3274053441
3810790465
3822194497
3014263361
2740197441
3550741057
2741633345
4087092801
1937449281
2480998977
327419713
3077111978
3084829529
1196804953
3882418346
3614375849
3344351577